              precision    recall  f1-score   support

           0       0.84      0.55      0.67        49
           1       0.62      0.70      0.66        66
           2       0.39      0.70      0.50        67
           3       1.00      0.68      0.81        72
           4       0.74      0.54      0.63        59
           5       1.00      1.00      1.00        49
           6       0.36      0.33      0.34        58

    accuracy                           0.64       420
   macro avg       0.71      0.64      0.66       420
weighted avg       0.70      0.64      0.65       420
