              precision    recall  f1-score   support

           0       0.98      1.00      0.99        49
           1       0.92      0.70      0.79        66
           2       0.91      0.87      0.89        67
           3       1.00      0.97      0.99        72
           4       0.79      0.97      0.87        59
           5       1.00      1.00      1.00        49
           6       0.78      0.88      0.83        58

    accuracy                           0.90       420
   macro avg       0.91      0.91      0.91       420
weighted avg       0.91      0.90      0.90       420
