              precision    recall  f1-score   support

          -1       0.00      0.00      0.00         0
           0       1.00      1.00      1.00        49
           1       1.00      0.02      0.03        66
           2       0.89      0.88      0.89        67
           3       1.00      0.94      0.97        72
           4       0.84      0.36      0.50        59
           5       1.00      0.96      0.98        49
           6       0.82      0.24      0.37        58

    accuracy                           0.62       420
   macro avg       0.82      0.55      0.59       420
weighted avg       0.94      0.62      0.67       420
