              precision    recall  f1-score   support

           0       0.98      1.00      0.99        49
           1       0.88      0.76      0.81        66
           2       0.90      0.84      0.87        67
           3       1.00      0.99      0.99        72
           4       0.85      0.95      0.90        59
           5       1.00      1.00      1.00        49
           6       0.80      0.90      0.85        58

    accuracy                           0.91       420
   macro avg       0.92      0.92      0.92       420
weighted avg       0.91      0.91      0.91       420
